Format:
Fractal_name
Transformations
Probabilities
----------------------------------------------------------------------------------------------------
Треугольник Серпинского
(0.5, 0, 0, 0.5, 0, 0.5),
(0.5, 0, 0, 0.5, 0.5, 0.5),
(0.5, 0, 0, 0.5, 0.25, 0)
[0.33, 0.33, 0.34]
----------------------------------------------------------------------------------------------------
Папоротник Барнсли
(0, 0, 0, 0.16, 0, 0),
(0.85, 0.04, -0.04, 0.85, 0, 1.6),
(0.2, -0.26, 0.23, 0.22, 0, 1.6),
(-0.15, 0.28, 0.26, 0.24, 0, 0.44)
[0.01, 0.85, 0.07, 0.07]
----------------------------------------------------------------------------------------------------
Ковёр Серпинского
(0.33, 0, 0, 0.33, 0, 0.25),
(0.33, 0, 0, 0.33, 0, -0.25),
(0.33, 0, 0, 0.33, 0.25, 0),
(0.33, 0, 0, 0.33, 0.25, 0.25),
(0.33, 0, 0, 0.33, 0.25, -0.25),
(0.33, 0, 0, 0.33, -0.25, 0),
(0.33, 0, 0, 0.33, -0.25, 0.25),
(0.33, 0, 0, 0.33, -0.25, -0.25)
[0.125, 0.125, 0.125, 0.125, 0.125, 0.125, 0.125, 0.125]
----------------------------------------------------------------------------------------------------
